0
662
1320
1974
2623
3267
3908
4543
5175
5802
6424
7043
7657
8266
8872
9473
10070
10662
11251
11835
12415
12990
13562
14129
14693
15252
15807
16358
16905
17447
17986
18521
19051
19578
20101
20619
21134
21645
22152
22654
23153
23649
24140
24627
25111
25590
26066
26539
27007
27471
27932
28389
28843
29292
29738
30181
30619
31054
31486
31913
32338
32758
33175
33589
33999
34405
34808
35207
35603
35996
36385
36770
37153
37531
37907
38279
38647
39013
39375
39733
40089
40441
40790
41135
41478
41817
42153
42486
42815
43142
43465
43785
44102
44416
44727
45035
45340
45641
45940
46236
46529
46818
47105
47389
47670
47948
48223
48495
48764
49031
49295
49555
49813
50069
50321
50571
50818
51062
51304
51542
51778
52012
52243
52471
52696
52919
53140
53357
53572
53785
53995
54203
54408
54610
54810
55008
55203
55396
55586
55774
55960
56143
56324
56503
56679
56853
57024
57194
57361
57525
57688
57848
58007
58163
58316
58468
58618
58765
58910
59053
59195
59334
59471
59606
59739
59870
59999
60126
60251
60374
60495
60614
60732
60847
60961
61072
61182
61290
61397
61501
61604
61705
61804
61902
61998
62092
62184
62275
62364
62451
62537
62621
62704
62785
62865
62943
63019
63094
63167
63239
63310
63379
63446
63512
63577
63640
63702
63763
63822
63880
63937
63992
64046
64099
64150
64200
64249
64297
64344
64389
64433
64476
64518
64559
64599
64637
64675
64711
64747
64781
64815
64847
64878
64909
64938
64967
64995
65024
65052
65081
65109
65138
65166
65195
65223
65251
65280
65308
65337
65365
65394
65422
65451
65479
65508
65535
